5017
5499
5017
5207
5207
318829
5482
5499
5207
5270
29850
29850
5022
5476
474922
474922
5476
5476
318829
318829
5270
38038
67593
5462
318829
318829
5518
5518
5518
5518
5518
5518
5518
5207
5207
5207
5207
5116
318829
318829
140110
5016
318829
5270
5462
5462
5017
5476
5476
5116
5476
5476
5476
5476
40559
40559
40559
40559
40559
40559
5499
5499
5499
5476
5476
5476
5476
5207
5207
5207
5270
5270
5270
5270
5476
318829
318829
318829
318829
5476
5476
5476
5476
5059
5207
5476
5476
5476
5017
5270
318829
5270
746128
40559
40559
40559
5476
5476
5476
5476
5476
290576
4787
140110
318829
