2152162
1799694; 8208859; 9119054; 9625714; 9924993; 10394902; 10447668; 11277429; 11297411; 12695849
11607305; 10656588
12438649
12438649
8312740; 8755621; 12481998
7983570
8114941; 9090881; 12481994; 12736265; 14769793; 15469522
7991574
7995519
7824933
7824933
16556221
7591094
7756829
7756829
7479842
7591097; 7823929

8535140; 11006342
8647387
7556057; 10497070; 12944393; 15497404
7892267; 12485989
7500937; 10501004
8664503
7549480
8589414; 9274012; 10931910
8589414; 9274012; 10931910
8589414; 9274012; 10931910
8589414; 9274012; 10931910
8589414; 9274012; 10931910
8589414; 9274012; 10931910
18179606
8675296
8760791; 14977977
12438649
15972469
11038529
8757395
11277427
12925899
8953776
8946911; 11006342
8612587; 10402430
8953707
8672814
8704997
9043114
9308185
9353946
9398674; 9890266
9009353; 9493378; 16179009
9284116; 9485603; 9529523; 9841840; 10569785; 10540295
9284116; 9485603; 9529523; 9841840; 10569785; 10540295


9002270
9002270


0894-0282
0894-0282
9756710; 9671796
9284116; 9485603; 9529523; 9841840; 10320576; 10569785; 10540295; 16227594
9284116; 9485603; 9529523; 9841840; 10320576; 10569785; 10540295; 16227594
9284116; 9485603; 9529523; 9841840; 10569785; 10540295
9284116; 9485603; 9529523; 9841840; 10569785; 10540295
15972469
9389652
12438649
9155019
9155019
9155019; 11043465
9155019
9043115
9401122; 11006342
9390422
9390422
14667055
9259554; 10816502
9298905; 10377153; 10816502; 11595734; 11796627
9298905; 10377153; 10816502; 11595734; 11796627; 12798685
15760450; 10816502; 11595734; 12798685
9293005
9184205
9244249
9009352
8828218
9057326
9454647
9742203
9576944
9620950; 11040426
9768518
9768518
9768518
9636208
9636208; 10766761
9748287; 11535799
9573075
9596738; 9741091
9450334
9724689

9770551
9450333
9546185
9832321
9574508
9574508
9574508
9574508; 12514128
9478896; 10444345; 10600356; 10847632
9284117; 9485603; 9632257; 9841840; 10569785; 10540295
9284117; 9485603; 9632257; 9841840; 10569785; 10540295
9284117; 9485603; 9632257; 9841840; 10569785; 10540295; 11796627
9284117; 9485603; 9632257; 9841840; 10569785; 10540295; 11796627
9284117; 9485603; 9632257; 9841840; 10569785; 10540295
9284117; 9485603; 9632257; 9841840; 10569785; 10540295
9707535
9573112
9683476; 14587100
10485289
9927411
10432635
10432635
10209038; 12023375; 16243837
10417206; 14734021; 15470110
10572127; 14734021; 15470110
10417206; 14734021; 15470110
10417206; 14734021; 15470110
10572127
10482503
10572127
10517030
10557357; 12671080
10587474
10022948
10226376
10322006
10594825
10521531
10581270
10581270
10627051
10102363
9916068
10875335
10875333
10875333
10875333
10807578
11082066
10975650
10948253
10940006
10940006
10940006
10940006
11006333
10755300
11073971

10878139
10066176; 10722594; 12826451
10594035
10799502
10931287
10931947
10931947; 8806739
10755298
15075271
10792722
12438649
15972469
10978273
10978273
10978273
10978273
10992507
10992507
11029697
10662860
10639412
11069668
11106022
10639402; 15111322
11065354; 11223944
11254618
11349062
11967069
15256583
15256583
11277434
11310747
2016048; 10921881; 11090206; 11332731
12324349
11310744
11763127
11763127
11694594
11251855
11298769
11298769
11298769
11737641; 14555488
11325951
11737641; 10816502
11270409
11415984
11415984
11705974
11251832
11251832; 14977985
11449054
11705974
11157776
11119499
11359567
11359567
11705974
11497471
11208022; 12925899
11208022; 12925899
11208022; 12925899
11487704
15972469
12438649
11287622
11287622
15075271
11123698; 12595473; 15039347
