4577
4081
4577
6239
9986
4530
10090
4081
9986
4577
4564
4498
3708
10090
4081
3435
10090
10090
4530
4530
4577
112509
4043
3659
4530
4530
4498
4564
4564
4550
4577
4564
3702
10090
10090
6239
7137
134033
4530
112509
3888
4577
4530
4577
3659
3659
4577
10090
10090
134033
10090
10090
10090
10141
3885
3570
13546
4081
13546
4081
4081
4081
4081
10090
10141
10141
10090
7137
9986
6239
4577
4577
4577
4577
10090
4530
4530
4530
4530
10090
10090
10090
10090
3635
9986
10090
10090
10114
4577
4577
4530
4577
10090
4081
4081
3750
10141
10090
10090
10090
10090
3885
4113
3827
4530
