5017
5499
5017
5207
5207

5482
5499
5207
5270
29850
29850
no data found
5476


5476
5476


5270
38038
67593
5462


229533
229533
229533
229533
229533
229533
229533
5207
5207
5207
178876
5116



5016

5270
5462
5462
5017
5476
5476
5116
5476
5476
5476
5476
332648
332648
332648
332648
332648
332648
5499
5499
5499
5476
5476
5476
5476
178876
5207
178876
5270
5270
5270
5270
5476




5476
5476
5476
5476
5059
5207
5476
5476
5476
5017
5270

5270
no data found
40559
40559
40559
5476
5476
5476
5476
5476
290576
4787


