358
358
358
358
373
337
552
66271
29471
554
55208
36746
360920
317
321
322
323
305
1930
85558
346
43353
339
358
358
373
337
552
66271
29471
554
55208
36746
360920
317
321
322
323
305
1930
85558
346
43353
339
340
456327
611301
129394
64187
134874
183190
470
358
373
337
552
66271
29471
554
55208
36746
360920
317
321
322
323
305
1930
85558
346
43353
339
340
456327
611301
129394
64187
134874
183190
470
358
373
337
552
66271
29471
554
55208
36746
360920
317
321
322
323
305
1930
85558
346
43353
339
340
456327
611301
129394
64187
134874
183190
470
358
373
337
552
66271
29471
554
55208
36746
360920
317
321
322
323
305
1930
85558
346
43353
339
340
456327
611301
129394
64187
134874
183190
470
358
373
337
552
66271
29471
554
55208
36746
360920
317
321
322
323
305
1930
85558
346
43353
339
340
456327
611301
129394
64187
134874
183190
470
358
373
337
552
66271
29471
554
55208
36746
360920
317
321
322
323
305
1930
85558
346
43353
339
340
456327
611301
129394
64187
134874
183190
470
1396
518
139
197
1496
67780
498217
1351
562
96345
263
573
1639
1773
287
90371
149539
42897
1280
1311
1313
1314
1306
1307
666
992166
633
5599
29001
135859
160389
5059
62688
62690
40559
278938
84275
29003
135779
5499
5111
5017
5016
101162
45130
40125
27357
27358
5457
31870
5462
290576
5465
5466
35717
5516
5518
5507
59765
358
373
337
552
66271
29471
554
55208
36746
360920
317
321
322
323
305
1930
85558
346
43353
339
340
456327
611301
129394
64187
134874
183190
470
1396
518
139
197
1496
67780
498217
1351
562
96345
263
573
1639
1773
287
90371
149539
42897
1280
1311
1313
1314
1306
1307
666
992166
633
5599
29001
135859
160389
5059
62688
62690
40559
278938
84275
29003
135779
5499
5111
5017
5016
101162
45130
40125
27357
27358
5457
31870
5462
290576
5465
5466
35717
5516
5518
5507
59765
61369
101028
169388
358
373
337
552
66271
29471
554
55208
36746
360920
317
321
322
323
305
1930
85558
346
43353
339
340
456327
611301
129394
64187
134874
183190
470
1396
518
139
197
1496
67780
498217
1351
562
96345
263
573
1639
1773
287
90371
149539
42897
1280
1311
1313
1314
1306
1307
666
992166
633
5599
29001
135859
160389
5059
62688
62690
40559
278938
84275
29003
135779
5499
5111
5017
5016
101162
45130
40125
27357
27358
5457
31870
5462
290576
5465
5466
35717
5516
5518
5507
59765
61369
101028
169388
358
373
337
552
66271
29471
554
55208
36746
360920
317
321
322
323
305
1930
85558
346
43353
339
340
456327
611301
129394
64187
134874
183190
470
1396
518
139
197
1496
67780
498217
1351
562
96345
263
573
1639
1773
287
90371
149539
42897
1280
1311
1313
1314
1306
1307
666
992166
633
5599
29001
135859
160389
5059
62688
62690
40559
278938
84275
29003
135779
5499
5111
5017
5016
101162
45130
40125
27357
27358
5457
31870
5462
290576
5465
5466
35717
5516
5518
5507
59765
61369
101028
169388
358
373
337
552
66271
29471
554
55208
36746
360920
317
321
322
323
305
1930
85558
346
43353
339
340
456327
611301
129394
64187
134874
183190
470
1396
518
139
197
1496
67780
498217
1351
562
96345
263
573
1639
1773
287
90371
149539
42897
1280
1311
1313
1314
1306
1307
666
992166
633
5599
29001
135859
160389
5059
62688
62690
40559
278938
84275
29003
135779
5499
5111
5017
5016
101162
45130
40125
27357
27358
5457
31870
5462
290576
5465
5466
35717
5516
5518
5507
59765
61369
101028
169388
70790
5514
29850
5127
117187
5128
5563
226899
5022
148305
148305
38448
54734
140110
76659
53485
45151
914237
38038
5180
39703
93612
13684
5025
27337
5116
5261
120017
5270
272952
123356
29920
4784
4787
4792
67593
65070
36090
13131
6303
13164
29875
93591
93591
746128
162425
176275
5039
5476
5478
36911
5480
5482
5501
199306
5970
5037
5530
568076
4932
5551
37769
292817
5207
178876
5671
5665
5811
5691
5693
358
373
337
552
66271
29471
554
55208
36746
360920
317
321
322
323
305
1930
85558
346
43353
339
340
456327
611301
129394
64187
134874
183190
470
1396
518
139
197
1496
67780
498217
1351
562
96345
263
573
1639
1773
287
90371
149539
42897
1280
1311
1313
1314
1306
1307
666
992166
633
5599
29001
135859
160389
5059
62688
62690
40559
278938
84275
29003
135779
5499
5111
5017
5016
101162
45130
40125
27357
27358
5457
31870
5462
290576
5465
5466
35717
5516
5518
5507
59765
61369
101028
169388
70790
5514
29850
5127
117187
5128
5563
226899
5022
148305
148305
38448
54734
140110
76659
53485
45151
914237
38038
5180
39703
93612
13684
5025
27337
5116
5261
120017
5270
272952
123356
29920
4784
4787
4792
67593
65070
36090
13131
6303
13164
29875
93591
93591
746128
162425
176275
5039
5476
5478
36911
5480
5482
5501
199306
5970
5037
5530
568076
4932
5551
37769
292817
5207
178876
5671
5665
5811
5691
5693
358
373
337
552
66271
29471
554
55208
36746
360920
317
321
322
323
305
1930
85558
346
43353
339
340
456327
611301
129394
64187
134874
183190
470
1396
518
139
197
1496
67780
498217
1351
562
96345
263
573
1639
1773
287
90371
149539
42897
1280
1311
1313
1314
1306
1307
666
992166
633
5599
29001
135859
160389
5059
62688
62690
40559
278938
84275
29003
135779
5499
5111
5017
5016
101162
45130
40125
27357
27358
5457
31870
5462
290576
5465
5466
35717
5516
5518
5507
59765
61369
101028
169388
70790
5514
29850
5127
117187
5128
5563
226899
5022
148305
148305
38448
54734
140110
76659
53485
45151
914237
38038
5180
39703
93612
13684
5025
27337
5116
5261
120017
5270
272952
123356
29920
4784
4787
4792
67593
65070
36090
13131
6303
13164
29875
93591
93591
746128
162425
176275
5039
5476
5478
36911
5480
5482
5501
199306
5970
5037
5530
568076
4932
5551
37769
292817
5207
178876
5671
5665
5811
5691
5693
358
373
337
552
66271
29471
554
55208
36746
360920
317
321
322
323
305
1930
85558
346
43353
339
340
456327
611301
129394
64187
134874
183190
470
1396
518
139
197
1496
67780
498217
1351
562
96345
263
573
1639
1773
287
90371
149539
42897
1280
1311
1313
1314
1306
1307
666
992166
633
5599
29001
135859
160389
5059
62688
62690
40559
278938
84275
29003
135779
5499
5111
5017
5016
101162
45130
40125
27357
27358
5457
31870
5462
290576
5465
5466
35717
5516
5518
5507
59765
61369
101028
169388
70790
5514
29850
5127
117187
5128
5563
226899
5022
148305
148305
38448
54734
140110
76659
53485
45151
914237
38038
5180
39703
93612
13684
5025
27337
5116
5261
120017
5270
272952
123356
29920
4784
4787
4792
67593
65070
36090
13131
6303
13164
29875
93591
93591
746128
162425
176275
5039
5476
5478
36911
5480
5482
5501
199306
5970
5037
5530
568076
4932
5551
37769
292817
5207
178876
5671
5665
5811
5691
5693
358
373
337
552
66271
29471
554
55208
36746
360920
317
321
322
323
305
1930
85558
346
43353
339
340
456327
611301
129394
64187
134874
183190
470
1396
518
139
197
1496
67780
498217
1351
562
96345
263
573
1639
1773
287
90371
149539
42897
1280
1311
1313
1314
1306
1307
666
992166
633
5599
29001
135859
160389
5059
62688
62690
40559
278938
84275
29003
135779
5499
5111
5017
5016
101162
45130
40125
27357
27358
5457
31870
5462
290576
5465
5466
35717
5516
5518
5507
59765
61369
101028
169388
70790
5514
29850
5127
117187
5128
5563
226899
5022
148305
148305
38448
54734
140110
76659
53485
45151
914237
38038
5180
39703
93612
13684
5025
27337
5116
5261
120017
5270
272952
123356
29920
4784
4787
4792
67593
65070
36090
13131
6303
13164
29875
93591
93591
746128
162425
176275
5039
5476
5478
36911
5480
5482
5501
199306
5970
5037
5530
568076
4932
5551
37769
292817
5207
178876
5671
5665
5811
5691
5693
358
373
337
552
66271
29471
554
55208
36746
360920
317
321
322
323
305
1930
85558
346
43353
339
340
456327
611301
129394
64187
134874
183190
470
1396
518
139
197
1496
67780
498217
1351
562
96345
263
573
1639
1773
287
90371
149539
42897
1280
1311
1313
1314
1306
1307
666
992166
633
5599
29001
135859
160389
5059
62688
62690
40559
278938
84275
29003
135779
5499
5111
5017
5016
101162
45130
40125
27357
27358
5457
31870
5462
290576
5465
5466
35717
5516
5518
5507
59765
61369
101028
169388
70790
5514
29850
5127
117187
5128
5563
226899
5022
148305
148305
38448
54734
140110
76659
53485
45151
914237
38038
5180
39703
93612
13684
5025
27337
5116
5261
120017
5270
272952
123356
29920
4784
4787
4792
67593
65070
36090
13131
6303
13164
29875
93591
93591
746128
162425
176275
5039
5476
5478
36911
5480
5482
5501
199306
5970
5037
5530
568076
4932
5551
37769
292817
5207
178876
5671
5665
5811
5691
5693
358
373
337
552
66271
29471
554
55208
36746
360920
317
321
322
323
305
1930
85558
346
43353
339
340
456327
611301
129394
64187
134874
183190
470
1396
518
139
197
1496
67780
498217
1351
562
96345
263
573
1639
1773
287
90371
149539
42897
1280
1311
1313
1314
1306
1307
666
992166
633
5599
29001
135859
160389
5059
62688
62690
40559
278938
84275
29003
135779
5499
5111
5017
5016
101162
45130
40125
27357
27358
5457
31870
5462
290576
5465
5466
35717
5516
5518
5507
59765
61369
101028
169388
70790
5514
29850
5127
117187
5128
5563
226899
5022
148305
148305
38448
54734
140110
76659
53485
45151
914237
38038
5180
39703
93612
13684
5025
27337
5116
5261
120017
5270
272952
123356
29920
4784
4787
4792
67593
65070
36090
13131
6303
13164
29875
93591
93591
746128
162425
176275
5039
5476
5478
36911
5480
5482
5501
199306
5970
5037
5530
568076
4932
5551
37769
292817
5207
178876
5671
5665
5811
5691
5693
358
373
337
552
66271
29471
554
55208
36746
360920
317
321
322
323
305
1930
85558
346
43353
339
340
456327
611301
129394
64187
134874
183190
470
1396
518
139
197
1496
67780
498217
1351
562
96345
263
573
1639
1773
287
90371
149539
42897
1280
1311
1313
1314
1306
1307
666
992166
633
5599
29001
135859
160389
5059
62688
62690
40559
278938
84275
29003
135779
5499
5111
5017
5016
101162
45130
40125
27357
27358
5457
31870
5462
290576
5465
5466
35717
5516
5518
5507
59765
61369
101028
169388
70790
5514
29850
5127
117187
5128
5563
226899
5022
148305
148305
38448
54734
140110
76659
53485
45151
914237
38038
5180
39703
93612
13684
5025
27337
5116
5261
120017
5270
272952
123356
29920
4784
4787
4792
67593
65070
36090
13131
6303
13164
29875
93591
93591
746128
162425
176275
5039
5476
5478
36911
5480
5482
5501
199306
5970
5037
5530
568076
4932
5551
37769
292817
5207
178876
5671
5665
5811
5691
5693
358
373
337
552
66271
29471
554
55208
36746
360920
317
321
322
323
305
1930
85558
346
43353
339
340
456327
611301
129394
64187
134874
183190
470
1396
518
139
197
1496
67780
498217
1351
562
96345
263
573
1639
1773
287
90371
149539
42897
1280
1311
1313
1314
1306
1307
666
992166
633
5599
29001
135859
160389
5059
62688
62690
40559
278938
84275
29003
135779
5499
5111
5017
5016
101162
45130
40125
27357
27358
5457
31870
5462
290576
5465
5466
35717
5516
5518
5507
59765
61369
101028
169388
70790
5514
29850
5127
117187
5128
5563
226899
5022
148305
148305
38448
54734
140110
76659
53485
45151
914237
38038
5180
39703
93612
13684
5025
27337
5116
5261
120017
5270
272952
123356
29920
4784
4787
4792
67593
65070
36090
13131
6303
13164
29875
93591
93591
746128
162425
176275
5039
5476
5478
36911
5480
5482
5501
199306
5970
5037
5530
568076
4932
5551
37769
292817
5207
178876
5671
5665
5811
5691
5693
358
373
337
552
66271
29471
554
55208
36746
360920
317
321
322
323
305
1930
85558
346
43353
339
340
456327
611301
129394
64187
134874
183190
470
1396
518
139
197
1496
67780
498217
1351
562
96345
263
573
1639
1773
287
90371
149539
42897
1280
1311
1313
1314
1306
1307
666
992166
633
5599
29001
135859
160389
5059
62688
62690
40559
278938
84275
29003
135779
5499
5111
5017
5016
101162
45130
40125
27357
27358
5457
31870
5462
290576
5465
5466
35717
5516
5518
5507
59765
61369
101028
169388
70790
5514
29850
5127
117187
5128
5563
226899
5022
148305
148305
38448
54734
140110
76659
53485
45151
914237
38038
5180
39703
93612
13684
5025
27337
5116
5261
120017
5270
272952
123356
29920
4784
4787
4792
67593
65070
36090
13131
6303
13164
29875
93591
93591
746128
162425
176275
5039
5476
5478
36911
5480
5482
5501
199306
5970
5037
5530
568076
4932
5551
37769
292817
5207
178876
5671
5665
5811
5691
5693
358
373
337
552
66271
29471
554
55208
36746
360920
317
321
322
323
305
1930
85558
346
43353
339
340
456327
611301
129394
64187
134874
183190
470
1396
518
139
197
1496
67780
498217
1351
562
96345
263
573
1639
1773
287
90371
149539
42897
1280
1311
1313
1314
1306
1307
666
992166
633
5599
29001
135859
160389
5059
62688
62690
40559
278938
84275
29003
135779
5499
5111
5017
5016
101162
45130
40125
27357
27358
5457
31870
5462
290576
5465
5466
35717
5516
5518
5507
59765
61369
101028
169388
70790
5514
29850
5127
117187
5128
5563
226899
5022
148305
148305
38448
54734
140110
76659
53485
45151
914237
38038
5180
39703
93612
13684
5025
27337
5116
5261
120017
5270
272952
123356
29920
4784
4787
4792
67593
65070
36090
13131
6303
13164
29875
93591
93591
746128
162425
176275
5039
5476
5478
36911
5480
5482
5501
199306
5970
5037
5530
568076
4932
5551
37769
292817
5207
178876
5671
5665
5811
5691
5693
358
373
337
552
66271
29471
554
55208
36746
360920
317
321
322
323
305
1930
85558
346
43353
339
340
456327
611301
129394
64187
134874
183190
470
1396
518
139
197
1496
67780
498217
1351
562
96345
263
573
1639
1773
287
90371
149539
42897
1280
1311
1313
1314
1306
1307
666
992166
633
5599
29001
135859
160389
5059
62688
62690
40559
278938
84275
29003
135779
5499
5111
5017
5016
101162
45130
40125
27357
27358
5457
31870
5462
290576
5465
5466
35717
5516
5518
5507
59765
61369
101028
169388
70790
5514
29850
5127
117187
5128
5563
226899
5022
148305
148305
38448
54734
140110
76659
53485
45151
914237
38038
5180
39703
93612
13684
5025
27337
5116
5261
120017
5270
272952
123356
29920
4784
4787
4792
67593
65070
36090
13131
6303
13164
29875
93591
93591
746128
162425
176275
5039
5476
5478
36911
5480
5482
5501
199306
5970
5037
5530
568076
4932
5551
37769
292817
5207
178876
5671
5665
5811
5691
5693
358
373
337
552
66271
29471
554
55208
36746
360920
317
321
322
323
305
1930
85558
346
43353
339
340
456327
611301
129394
64187
134874
183190
470
1396
518
139
197
1496
67780
498217
1351
562
96345
263
573
1639
1773
287
90371
149539
42897
1280
1311
1313
1314
1306
1307
666
992166
633
5599
29001
135859
160389
5059
62688
62690
40559
278938
84275
29003
135779
5499
5111
5017
5016
101162
45130
40125
27357
27358
5457
31870
5462
290576
5465
5466
35717
5516
5518
5507
59765
61369
101028
169388
70790
5514
29850
5127
117187
5128
5563
226899
5022
148305
148305
38448
54734
140110
76659
53485
45151
914237
38038
5180
39703
93612
13684
5025
27337
5116
5261
120017
5270
272952
123356
29920
4784
4787
4792
67593
65070
36090
13131
6303
13164
29875
93591
93591
746128
162425
176275
5039
5476
5478
36911
5480
5482
5501
199306
5970
5037
5530
568076
4932
5551
37769
292817
5207
178876
5671
5665
5811
5691
5693
358
373
337
552
66271
29471
554
55208
36746
360920
317
321
322
323
305
1930
85558
346
43353
339
340
456327
611301
129394
64187
134874
183190
470
1396
518
139
197
1496
67780
498217
1351
562
96345
263
573
1639
1773
287
90371
149539
42897
1280
1311
1313
1314
1306
1307
666
992166
633
5599
29001
135859
160389
5059
62688
62690
40559
278938
84275
29003
135779
5499
5111
5017
5016
101162
45130
40125
27357
27358
5457
31870
5462
290576
5465
5466
35717
5516
5518
5507
59765
61369
101028
169388
70790
5514
29850
5127
117187
5128
5563
226899
5022
148305
148305
38448
54734
140110
76659
53485
45151
914237
38038
5180
39703
93612
13684
5025
27337
5116
5261
120017
5270
272952
123356
29920
4784
4787
4792
67593
65070
36090
13131
6303
13164
29875
93591
93591
746128
162425
176275
5039
5476
5478
36911
5480
5482
5501
199306
5970
5037
5530
568076
4932
5551
37769
292817
5207
178876
5671
5665
5811
5691
5693
358
373
337
552
66271
29471
554
55208
36746
360920
317
321
322
323
305
1930
85558
346
43353
339
340
456327
611301
129394
64187
134874
183190
470
1396
518
139
197
1496
67780
498217
1351
562
96345
263
573
1639
1773
287
90371
149539
42897
1280
1311
1313
1314
1306
1307
666
992166
633
5599
29001
135859
160389
5059
62688
62690
40559
278938
84275
29003
135779
5499
5111
5017
5016
101162
45130
40125
27357
27358
5457
31870
5462
290576
5465
5466
35717
5516
5518
5507
59765
61369
101028
169388
70790
5514
29850
5127
117187
5128
5563
226899
5022
148305
148305
38448
54734
140110
76659
53485
45151
914237
38038
5180
39703
93612
13684
5025
27337
5116
5261
120017
5270
272952
123356
29920
4784
4787
4792
67593
65070
36090
13131
6303
13164
29875
93591
93591
746128
162425
176275
5039
5476
5478
36911
5480
5482
5501
199306
5970
5037
5530
568076
4932
5551
37769
292817
5207
178876
5671
5665
5811
5691
5693
358
373
337
552
66271
29471
554
55208
36746
360920
317
321
322
323
305
1930
85558
346
43353
339
340
456327
611301
129394
64187
134874
183190
470
1396
518
139
197
1496
67780
498217
1351
562
96345
263
573
1639
1773
287
90371
149539
42897
1280
1311
1313
1314
1306
1307
666
992166
633
5599
29001
135859
160389
5059
62688
62690
40559
278938
84275
29003
135779
5499
5111
5017
5016
101162
45130
40125
27357
27358
5457
31870
5462
290576
5465
5466
35717
5516
5518
5507
59765
61369
101028
169388
70790
5514
29850
5127
117187
5128
5563
226899
5022
148305
148305
38448
54734
140110
76659
53485
45151
914237
38038
5180
39703
93612
13684
5025
27337
5116
5261
120017
5270
272952
123356
29920
4784
4787
4792
67593
65070
36090
13131
6303
13164
29875
93591
93591
746128
162425
176275
5039
5476
5478
36911
5480
5482
5501
199306
5970
5037
5530
568076
4932
5551
37769
292817
5207
178876
5671
5665
5811
5691
5693
358
373
337
552
66271
29471
554
55208
36746
360920
317
321
322
323
305
1930
85558
346
43353
339
340
456327
611301
129394
64187
134874
183190
470
1396
518
139
197
1496
67780
498217
1351
562
96345
263
573
1639
1773
287
90371
149539
42897
1280
1311
1313
1314
1306
1307
666
992166
633
5599
29001
135859
160389
5059
62688
62690
40559
278938
84275
29003
135779
5499
5111
5017
5016
101162
45130
40125
27357
27358
5457
31870
5462
290576
5465
5466
35717
5516
5518
5507
59765
61369
101028
169388
70790
5514
29850
5127
117187
5128
5563
226899
5022
148305
148305
38448
54734
140110
76659
53485
45151
914237
38038
5180
39703
93612
13684
5025
27337
5116
5261
120017
5270
272952
123356
29920
4784
4787
4792
67593
65070
36090
13131
6303
13164
29875
93591
93591
746128
162425
176275
5039
5476
5478
36911
5480
5482
5501
199306
5970
5037
5530
568076
4932
5551
37769
292817
5207
178876
5671
5665
5811
5691
5693
358
373
337
552
66271
29471
554
55208
36746
360920
317
321
322
323
305
1930
85558
346
43353
339
340
456327
611301
129394
64187
134874
183190
470
1396
518
139
197
1496
67780
498217
1351
562
96345
263
573
1639
1773
287
90371
149539
42897
1280
1311
1313
1314
1306
1307
666
992166
633
5599
29001
135859
160389
5059
62688
62690
40559
278938
84275
29003
135779
5499
5111
5017
5016
101162
45130
40125
27357
27358
5457
31870
5462
290576
5465
5466
35717
5516
5518
5507
59765
61369
101028
169388
70790
5514
29850
5127
117187
5128
5563
226899
5022
148305
148305
38448
54734
140110
76659
53485
45151
914237
38038
5180
39703
93612
13684
5025
27337
5116
5261
120017
5270
272952
123356
29920
4784
4787
4792
67593
65070
36090
13131
6303
13164
29875
93591
93591
746128
162425
176275
5039
5476
5478
36911
5480
5482
5501
199306
5970
5037
5530
568076
4932
5551
37769
292817
5207
178876
5671
5665
5811
5691
5693
358
373
337
552
66271
29471
554
55208
36746
360920
317
321
322
323
305
1930
85558
346
43353
339
340
456327
611301
129394
64187
134874
183190
470
1396
518
139
197
1496
67780
498217
1351
562
96345
263
573
1639
1773
287
90371
149539
42897
1280
1311
1313
1314
1306
1307
666
992166
633
5599
29001
135859
160389
5059
62688
62690
40559
278938
84275
29003
135779
5499
5111
5017
5016
101162
45130
40125
27357
27358
5457
31870
5462
290576
5465
5466
35717
5516
5518
5507
59765
61369
101028
169388
70790
5514
29850
5127
117187
5128
5563
226899
5022
148305
148305
38448
54734
140110
76659
53485
45151
914237
38038
5180
39703
93612
13684
5025
27337
5116
5261
120017
5270
272952
123356
29920
4784
4787
4792
67593
65070
36090
13131
6303
13164
29875
93591
93591
746128
162425
176275
5039
5476
5478
36911
5480
5482
5501
199306
5970
5037
5530
568076
4932
5551
37769
292817
5207
178876
5671
5665
5811
5691
5693
358
373
337
552
66271
29471
554
55208
36746
360920
317
321
322
323
305
1930
85558
346
43353
339
340
456327
611301
129394
64187
134874
183190
470
1396
518
139
197
1496
67780
498217
1351
562
96345
263
573
1639
1773
287
90371
149539
42897
1280
1311
1313
1314
1306
1307
666
992166
633
5599
29001
135859
160389
5059
62688
62690
40559
278938
84275
29003
135779
5499
5111
5017
5016
101162
45130
40125
27357
27358
5457
31870
5462
290576
5465
5466
35717
5516
5518
5507
59765
61369
101028
169388
70790
5514
29850
5127
117187
5128
5563
226899
5022
148305
148305
38448
54734
140110
76659
53485
45151
914237
38038
5180
39703
93612
13684
5025
27337
5116
5261
120017
5270
272952
123356
29920
4784
4787
4792
67593
65070
36090
13131
6303
13164
29875
93591
93591
746128
162425
176275
5039
5476
5478
36911
5480
5482
5501
199306
5970
5037
5530
568076
4932
5551
37769
292817
5207
178876
5671
5665
5811
5691
5693
358
373
337
552
66271
29471
554
55208
36746
360920
317
321
322
323
305
1930
85558
346
43353
339
340
456327
611301
129394
64187
134874
183190
470
1396
518
139
197
1496
67780
498217
1351
562
96345
263
573
1639
1773
287
90371
149539
42897
1280
1311
1313
1314
1306
1307
666
992166
633
5599
29001
135859
160389
5059
62688
62690
40559
278938
84275
29003
135779
5499
5111
5017
5016
101162
45130
40125
27357
27358
5457
31870
5462
290576
5465
5466
35717
5516
5518
5507
59765
61369
101028
169388
70790
5514
29850
5127
117187
5128
5563
226899
5022
148305
148305
38448
54734
140110
76659
53485
45151
914237
38038
5180
39703
93612
13684
5025
27337
5116
5261
120017
5270
272952
123356
29920
4784
4787
4792
67593
65070
36090
13131
6303
13164
29875
93591
93591
746128
162425
176275
5039
5476
5478
36911
5480
5482
5501
199306
5970
5037
5530
568076
4932
5551
37769
292817
5207
178876
5671
5665
5811
5691
5693
358
373
337
552
66271
29471
554
55208
36746
360920
317
321
322
323
305
1930
85558
346
43353
339
340
456327
611301
129394
64187
134874
183190
470
1396
518
139
197
1496
67780
498217
1351
562
96345
263
573
1639
1773
287
90371
149539
42897
1280
1311
1313
1314
1306
1307
666
992166
633
5599
29001
135859
160389
5059
62688
62690
40559
278938
84275
29003
135779
5499
5111
5017
5016
101162
45130
40125
27357
27358
5457
31870
5462
290576
5465
5466
35717
5516
5518
5507
59765
61369
101028
169388
70790
5514
29850
5127
117187
5128
5563
226899
5022
148305
148305
38448
54734
140110
76659
53485
45151
914237
38038
5180
39703
93612
13684
5025
27337
5116
5261
120017
5270
272952
123356
29920
4784
4787
4792
67593
65070
36090
13131
6303
13164
29875
93591
93591
746128
162425
176275
5039
5476
5478
36911
5480
5482
5501
199306
5970
5037
5530
568076
4932
5551
37769
292817
5207
178876
5671
5665
5811
5691
5693
358
373
337
552
66271
29471
554
55208
36746
360920
317
321
322
323
305
1930
85558
346
43353
339
340
456327
611301
129394
64187
134874
183190
470
1396
518
139
197
1496
67780
498217
1351
562
96345
263
573
1639
1773
287
90371
149539
42897
1280
1311
1313
1314
1306
1307
666
992166
633
5599
29001
135859
160389
5059
62688
62690
40559
278938
84275
29003
135779
5499
5111
5017
5016
101162
45130
40125
27357
27358
5457
31870
5462
290576
5465
5466
35717
5516
5518
5507
59765
61369
101028
169388
70790
5514
29850
5127
117187
5128
5563
226899
5022
148305
148305
38448
54734
140110
76659
53485
45151
914237
38038
5180
39703
93612
13684
5025
27337
5116
5261
120017
5270
272952
123356
29920
4784
4787
4792
67593
65070
36090
13131
6303
13164
29875
93591
93591
746128
162425
176275
5039
5476
5478
36911
5480
5482
5501
199306
5970
5037
5530
568076
4932
5551
37769
292817
5207
178876
5671
5665
5811
5691
5693
358
373
337
552
66271
29471
554
55208
36746
360920
317
321
322
323
305
1930
85558
346
43353
339
340
456327
611301
129394
64187
134874
183190
470
1396
518
139
197
1496
67780
498217
1351
562
96345
263
573
1639
1773
287
90371
149539
42897
1280
1311
1313
1314
1306
1307
666
992166
633
5599
29001
135859
160389
5059
62688
62690
40559
278938
84275
29003
135779
5499
5111
5017
5016
101162
45130
40125
27357
27358
5457
31870
5462
290576
5465
5466
35717
5516
5518
5507
59765
61369
101028
169388
70790
5514
29850
5127
117187
5128
5563
226899
5022
148305
148305
38448
54734
140110
76659
53485
45151
914237
38038
5180
39703
93612
13684
5025
27337
5116
5261
120017
5270
272952
123356
29920
4784
4787
4792
67593
65070
36090
13131
6303
13164
29875
93591
93591
746128
162425
176275
5039
5476
5478
36911
5480
5482
5501
199306
5970
5037
5530
568076
4932
5551
37769
292817
5207
178876
5671
5665
5811
5691
5693
358
373
337
552
66271
29471
554
55208
36746
360920
317
321
322
323
305
1930
85558
346
43353
339
340
456327
611301
129394
64187
134874
183190
470
1396
518
139
197
1496
67780
498217
1351
562
96345
263
573
1639
1773
287
90371
149539
42897
1280
1311
1313
1314
1306
1307
666
992166
633
5599
29001
135859
160389
5059
62688
62690
40559
278938
84275
29003
135779
5499
5111
5017
5016
101162
45130
40125
27357
27358
5457
31870
5462
290576
5465
5466
35717
5516
5518
5507
59765
61369
101028
169388
70790
5514
29850
5127
117187
5128
5563
226899
5022
148305
148305
38448
54734
140110
76659
53485
45151
914237
38038
5180
39703
93612
13684
5025
27337
5116
5261
120017
5270
272952
123356
29920
4784
4787
4792
67593
65070
36090
13131
6303
13164
29875
93591
93591
746128
162425
176275
5039
5476
5478
36911
5480
5482
5501
199306
5970
5037
5530
568076
4932
5551
37769
292817
5207
178876
5671
5665
5811
5691
5693
358
373
337
552
66271
29471
554
55208
36746
360920
317
321
322
323
305
1930
85558
346
43353
339
340
456327
611301
129394
64187
134874
183190
470
1396
518
139
197
1496
67780
498217
1351
562
96345
263
573
1639
1773
287
90371
149539
42897
1280
1311
1313
1314
1306
1307
666
992166
633
5599
29001
135859
160389
5059
62688
62690
40559
278938
84275
29003
135779
5499
5111
5017
5016
101162
45130
40125
27357
27358
5457
31870
5462
290576
5465
5466
35717
5516
5518
5507
59765
61369
101028
169388
70790
5514
29850
5127
117187
5128
5563
226899
5022
148305
148305
38448
54734
140110
76659
53485
45151
914237
38038
5180
39703
93612
13684
5025
27337
5116
5261
120017
5270
272952
123356
29920
4784
4787
4792
67593
65070
36090
13131
6303
13164
29875
93591
93591
746128
162425
176275
5039
5476
5478
36911
5480
5482
5501
199306
5970
5037
5530
568076
4932
5551
37769
292817
5207
178876
5671
5665
5811
5691
5693
358
373
337
552
66271
29471
554
55208
36746
360920
317
321
322
323
305
1930
85558
346
43353
339
340
456327
611301
129394
64187
134874
183190
470
1396
518
139
197
1496
67780
498217
1351
562
96345
263
573
1639
1773
287
90371
149539
42897
1280
1311
1313
1314
1306
1307
666
992166
633
5599
29001
135859
160389
5059
62688
62690
40559
278938
84275
29003
135779
5499
5111
5017
5016
101162
45130
40125
27357
27358
5457
31870
5462
290576
5465
5466
35717
5516
5518
5507
59765
61369
101028
169388
70790
5514
29850
5127
117187
5128
5563
226899
5022
148305
148305
38448
54734
140110
76659
53485
45151
914237
38038
5180
39703
93612
13684
5025
27337
5116
5261
120017
5270
272952
123356
29920
4784
4787
4792
67593
65070
36090
13131
6303
13164
29875
93591
93591
746128
162425
176275
5039
5476
5478
36911
5480
5482
5501
199306
5970
5037
5530
568076
4932
5551
37769
292817
5207
178876
5671
5665
5811
5691
5693
358
373
337
552
66271
29471
554
55208
36746
360920
317
321
322
323
305
1930
85558
346
43353
339
340
456327
611301
129394
64187
134874
183190
470
1396
518
139
197
1496
67780
498217
1351
562
96345
263
573
1639
1773
287
90371
149539
42897
1280
1311
1313
1314
1306
1307
666
992166
633
5599
29001
135859
160389
5059
62688
62690
40559
278938
84275
29003
135779
5499
5111
5017
5016
101162
45130
40125
27357
27358
5457
31870
5462
290576
5465
5466
35717
5516
5518
5507
59765
61369
101028
169388
70790
5514
29850
5127
117187
5128
5563
226899
5022
148305
148305
38448
54734
140110
76659
53485
45151
914237
38038
5180
39703
93612
13684
5025
27337
5116
5261
120017
5270
272952
123356
29920
4784
4787
4792
67593
65070
36090
13131
6303
13164
29875
93591
93591
746128
162425
176275
5039
5476
5478
36911
5480
5482
5501
199306
5970
5037
5530
568076
4932
5551
37769
292817
5207
178876
5671
5665
5811
5691
5693
358
373
337
552
66271
29471
554
55208
36746
360920
317
321
322
323
305
1930
85558
346
43353
339
340
456327
611301
129394
64187
134874
183190
470
1396
518
139
197
1496
67780
498217
1351
562
96345
263
573
1639
1773
287
90371
149539
42897
1280
1311
1313
1314
1306
1307
666
992166
633
5599
29001
135859
160389
5059
62688
62690
40559
278938
84275
29003
135779
5499
5111
5017
5016
101162
45130
40125
27357
27358
5457
31870
5462
290576
5465
5466
35717
5516
5518
5507
59765
61369
101028
169388
70790
5514
29850
5127
117187
5128
5563
226899
5022
148305
148305
38448
54734
140110
76659
53485
45151
914237
38038
5180
39703
93612
13684
5025
27337
5116
5261
120017
5270
272952
123356
29920
4784
4787
4792
67593
65070
36090
13131
6303
13164
29875
93591
93591
746128
162425
176275
5039
5476
5478
36911
5480
5482
5501
199306
5970
5037
5530
568076
4932
5551
37769
292817
5207
178876
5671
5665
5811
5691
5693
358
373
337
552
66271
29471
554
55208
36746
360920
317
321
322
323
305
1930
85558
346
43353
339
340
456327
611301
129394
64187
134874
183190
470
1396
518
139
197
1496
67780
498217
1351
562
96345
263
573
1639
1773
287
90371
149539
42897
1280
1311
1313
1314
1306
1307
666
992166
633
5599
29001
135859
160389
5059
62688
62690
40559
278938
84275
29003
135779
5499
5111
5017
5016
101162
45130
40125
27357
27358
5457
31870
5462
290576
5465
5466
35717
5516
5518
5507
59765
61369
101028
169388
70790
5514
29850
5127
117187
5128
5563
226899
5022
148305
148305
38448
54734
140110
76659
53485
45151
914237
38038
5180
39703
93612
13684
5025
27337
5116
5261
120017
5270
272952
123356
29920
4784
4787
4792
67593
65070
36090
13131
6303
13164
29875
93591
93591
746128
162425
176275
5039
5476
5478
36911
5480
5482
5501
199306
5970
5037
5530
568076
4932
5551
37769
292817
5207
178876
5671
5665
5811
5691
5693
358
373
337
552
66271
29471
554
55208
36746
360920
317
321
322
323
305
1930
85558
346
43353
339
340
456327
611301
129394
64187
134874
183190
470
1396
518
139
197
1496
67780
498217
1351
562
96345
263
573
1639
1773
287
90371
149539
42897
1280
1311
1313
1314
1306
1307
666
992166
633
5599
29001
135859
160389
5059
62688
62690
40559
278938
84275
29003
135779
5499
5111
5017
5016
101162
45130
40125
27357
27358
5457
31870
5462
290576
5465
5466
35717
5516
5518
5507
59765
61369
101028
169388
70790
5514
29850
5127
117187
5128
5563
226899
5022
148305
148305
38448
54734
140110
76659
53485
45151
914237
38038
5180
39703
93612
13684
5025
27337
5116
5261
120017
5270
272952
123356
29920
4784
4787
4792
67593
65070
36090
13131
6303
13164
29875
93591
93591
746128
162425
176275
5039
5476
5478
36911
5480
5482
5501
199306
5970
5037
5530
568076
4932
5551
37769
292817
5207
178876
5671
5665
5811
5691
5693
358
373
337
552
66271
29471
554
55208
36746
360920
317
321
322
323
305
1930
85558
346
43353
339
340
456327
611301
129394
64187
134874
183190
470
1396
518
139
197
1496
67780
498217
1351
562
96345
263
573
1639
1773
287
90371
149539
42897
1280
1311
1313
1314
1306
1307
666
992166
633
5599
29001
135859
160389
5059
62688
62690
40559
278938
84275
29003
135779
5499
5111
5017
5016
101162
45130
40125
27357
27358
5457
31870
5462
290576
5465
5466
35717
5516
5518
5507
59765
61369
101028
169388
70790
5514
29850
5127
117187
5128
5563
226899
5022
148305
148305
38448
54734
140110
76659
53485
45151
914237
38038
5180
39703
93612
13684
5025
27337
5116
5261
120017
5270
272952
123356
29920
4784
4787
4792
67593
65070
36090
13131
6303
13164
29875
93591
93591
746128
162425
176275
5039
5476
5478
36911
5480
5482
5501
199306
5970
5037
5530
568076
4932
5551
37769
292817
5207
178876
5671
5665
5811
5691
5693
358
373
337
552
66271
29471
554
55208
36746
360920
317
321
322
323
305
1930
85558
346
43353
339
340
456327
611301
129394
64187
134874
183190
470
1396
518
139
197
1496
67780
498217
1351
562
96345
263
573
1639
1773
287
90371
149539
42897
1280
1311
1313
1314
1306
1307
666
992166
633
5599
29001
135859
160389
5059
62688
62690
40559
278938
84275
29003
135779
5499
5111
5017
5016
101162
45130
40125
27357
27358
5457
31870
5462
290576
5465
5466
35717
5516
5518
5507
59765
61369
101028
169388
70790
5514
29850
5127
117187
5128
5563
226899
5022
148305
148305
38448
54734
140110
76659
53485
45151
914237
38038
5180
39703
93612
13684
5025
27337
5116
5261
120017
5270
272952
123356
29920
4784
4787
4792
67593
65070
36090
13131
6303
13164
29875
93591
93591
746128
162425
176275
5039
5476
5478
36911
5480
5482
5501
199306
5970
5037
5530
568076
4932
5551
37769
292817
5207
178876
5671
5665
5811
5691
5693
358
373
337
552
66271
29471
554
55208
36746
360920
317
321
322
323
305
1930
85558
346
43353
339
340
456327
611301
129394
64187
134874
183190
470
1396
518
139
197
1496
67780
498217
1351
562
96345
263
573
1639
1773
287
90371
149539
42897
1280
1311
1313
1314
1306
1307
666
992166
633
5599
29001
135859
160389
5059
62688
62690
40559
278938
84275
29003
135779
5499
5111
5017
5016
101162
45130
40125
27357
27358
5457
31870
5462
290576
5465
5466
35717
5516
5518
5507
59765
61369
101028
169388
70790
5514
29850
5127
117187
5128
5563
226899
5022
148305
148305
38448
54734
140110
76659
53485
45151
914237
38038
5180
39703
93612
13684
5025
27337
5116
5261
120017
5270
272952
123356
29920
4784
4787
4792
67593
65070
36090
13131
6303
13164
29875
93591
93591
746128
162425
176275
5039
5476
5478
36911
5480
5482
5501
199306
5970
5037
5530
568076
4932
5551
37769
292817
5207
178876
5671
5665
5811
5691
5693
358
373
337
552
66271
29471
554
55208
36746
360920
317
321
322
323
305
1930
85558
346
43353
339
340
456327
611301
129394
64187
134874
183190
470
1396
518
139
197
1496
67780
498217
1351
562
96345
263
573
1639
1773
287
90371
149539
42897
1280
1311
1313
1314
1306
1307
666
992166
633
5599
29001
135859
160389
5059
62688
62690
40559
278938
84275
29003
135779
5499
5111
5017
5016
101162
45130
40125
27357
27358
5457
31870
5462
290576
5465
5466
35717
5516
5518
5507
59765
61369
101028
169388
70790
5514
29850
5127
117187
5128
5563
226899
5022
148305
148305
38448
54734
140110
76659
53485
45151
914237
38038
5180
39703
93612
13684
5025
27337
5116
5261
120017
5270
272952
123356
29920
4784
4787
4792
67593
65070
36090
13131
6303
13164
29875
93591
93591
746128
162425
176275
5039
5476
5478
36911
5480
5482
5501
199306
5970
5037
5530
568076
4932
5551
37769
292817
5207
178876
5671
5665
5811
5691
5693
358
373
337
552
66271
29471
554
55208
36746
360920
317
321
322
323
305
1930
85558
346
43353
339
340
456327
611301
129394
64187
134874
183190
470
1396
518
139
197
1496
67780
498217
1351
562
96345
263
573
1639
1773
287
90371
149539
42897
1280
1311
1313
1314
1306
1307
666
992166
633
5599
29001
135859
160389
5059
62688
62690
40559
278938
84275
29003
135779
5499
5111
5017
5016
101162
45130
40125
27357
27358
5457
31870
5462
290576
5465
5466
35717
5516
5518
5507
59765
61369
101028
169388
70790
5514
29850
5127
117187
5128
5563
226899
5022
148305
148305
38448
54734
140110
76659
53485
45151
914237
38038
5180
39703
93612
13684
5025
27337
5116
5261
120017
5270
272952
123356
29920
4784
4787
4792
67593
65070
36090
13131
6303
13164
29875
93591
93591
746128
162425
176275
5039
5476
5478
36911
5480
5482
5501
199306
5970
5037
5530
568076
4932
5551
37769
292817
5207
178876
5671
5665
5811
5691
5693
358
373
337
552
66271
29471
554
55208
36746
360920
317
321
322
323
305
1930
85558
346
43353
339
340
456327
611301
129394
64187
134874
183190
470
1396
518
139
197
1496
67780
498217
1351
562
96345
263
573
1639
1773
287
90371
149539
42897
1280
1311
1313
1314
1306
1307
666
992166
633
5599
29001
135859
160389
5059
62688
62690
40559
278938
84275
29003
135779
5499
5111
5017
5016
101162
45130
40125
27357
27358
5457
31870
5462
290576
5465
5466
35717
5516
5518
5507
59765
61369
101028
169388
70790
5514
29850
5127
117187
5128
5563
226899
5022
148305
148305
38448
54734
140110
76659
53485
45151
914237
38038
5180
39703
93612
13684
5025
27337
5116
5261
120017
5270
272952
123356
29920
4784
4787
4792
67593
65070
36090
13131
6303
13164
29875
93591
93591
746128
162425
176275
5039
5476
5478
36911
5480
5482
5501
199306
5970
5037
5530
568076
4932
5551
37769
292817
5207
178876
5671
5665
5811
5691
5693
358
373
337
552
66271
29471
554
55208
36746
360920
317
321
322
323
305
1930
85558
346
43353
339
340
456327
611301
129394
64187
134874
183190
470
1396
518
139
197
1496
67780
498217
1351
562
96345
263
573
1639
1773
287
90371
149539
42897
1280
1311
1313
1314
1306
1307
666
992166
633
5599
29001
135859
160389
5059
62688
62690
40559
278938
84275
29003
135779
5499
5111
5017
5016
101162
45130
40125
27357
27358
5457
31870
5462
290576
5465
5466
35717
5516
5518
5507
59765
61369
101028
169388
70790
5514
29850
5127
117187
5128
5563
226899
5022
148305
148305
38448
54734
140110
76659
53485
45151
914237
38038
5180
39703
93612
13684
5025
27337
5116
5261
120017
5270
272952
123356
29920
4784
4787
4792
67593
65070
36090
13131
6303
13164
29875
93591
93591
746128
162425
176275
5039
5476
5478
36911
5480
5482
5501
199306
5970
5037
5530
568076
4932
5551
37769
292817
5207
178876
5671
5665
5811
5691
5693
358
373
337
552
66271
29471
554
55208
36746
360920
317
321
322
323
305
1930
85558
346
43353
339
340
456327
611301
129394
64187
134874
183190
470
1396
518
139
197
1496
67780
498217
1351
562
96345
263
573
1639
1773
287
90371
149539
42897
1280
1311
1313
1314
1306
1307
666
992166
633
5599
29001
135859
160389
5059
62688
62690
40559
278938
84275
29003
135779
5499
5111
5017
5016
101162
45130
40125
27357
27358
5457
31870
5462
290576
5465
5466
35717
5516
5518
5507
59765
61369
101028
169388
70790
5514
29850
5127
117187
5128
5563
226899
5022
148305
148305
38448
54734
140110
76659
53485
45151
914237
38038
5180
39703
93612
13684
5025
27337
5116
5261
120017
5270
272952
123356
29920
4784
4787
4792
67593
65070
36090
13131
6303
13164
29875
93591
93591
746128
162425
176275
5039
5476
5478
36911
5480
5482
5501
199306
5970
5037
5530
568076
4932
5551
37769
292817
5207
178876
5671
5665
5811
5691
5693
358
373
337
552
66271
29471
554
55208
36746
360920
317
321
322
323
305
1930
85558
346
43353
339
340
456327
611301
129394
64187
134874
183190
470
1396
518
139
197
1496
67780
498217
1351
562
96345
263
573
1639
1773
287
90371
149539
42897
1280
1311
1313
1314
1306
1307
666
992166
633
5599
29001
135859
160389
5059
62688
62690
40559
278938
84275
29003
135779
5499
5111
5017
5016
101162
45130
40125
27357
27358
5457
31870
5462
290576
5465
5466
35717
5516
5518
5507
59765
61369
101028
169388
70790
5514
29850
5127
117187
5128
5563
226899
5022
148305
148305
38448
54734
140110
76659
53485
45151
914237
38038
5180
39703
93612
13684
5025
27337
5116
5261
120017
5270
272952
123356
29920
4784
4787
4792
67593
65070
36090
13131
6303
13164
29875
93591
93591
746128
162425
176275
5039
5476
5478
36911
5480
5482
5501
199306
5970
5037
5530
568076
4932
5551
37769
292817
5207
178876
5671
5665
5811
5691
5693
